8 0.174044 0.024767 0.023587 0.041933
8 0.415787 0.053592 0.019650 0.036683
8 0.271325 0.026083 0.025550 0.039300
8 0.070856 0.019533 0.013762 0.026200
66 0.877650 0.420467 0.047175 0.175567
66 0.573012 0.821400 0.102200 0.144133
66 0.354856 0.772925 0.098262 0.141517
1 0.764644 0.810925 0.115962 0.138883
1 0.517981 0.441433 0.125787 0.170333
7 0.031550 0.049667 0.021625 0.026200
7 0.338150 0.044425 0.021625 0.031450
8 0.103356 0.333917 0.019787 0.036833
8 0.096406 0.285517 0.017688 0.034067
8 0.063012 0.263225 0.017725 0.041883
8 0.281175 0.142667 0.021650 0.042000
8 0.185831 0.142700 0.023588 0.047167
8 0.009388 0.136142 0.018775 0.039317
8 0.715506 0.087658 0.017687 0.036683
