1 0.264779 0.402778 0.039332 0.046083
82 0.371585 0.391520 0.031600 0.049933
8 0.334714 0.400878 0.021077 0.046823
8 0.366899 0.252637 0.019908 0.043700
90 0.685239 0.144187 0.040962 0.067100
8 0.421325 0.151990 0.018725 0.039013
94 0.973145 0.176177 0.052665 0.090507
94 0.922820 0.610765 0.066710 0.145123
94 0.576981 0.393862 0.175553 0.263717
82 0.230214 0.434562 0.017877 0.042910
82 0.268354 0.289947 0.020262 0.046087
8 0.279080 0.262930 0.013110 0.046087
90 0.815427 0.773852 0.089390 0.111243
