82 0.070599 0.334867 0.048523 0.061687
90 0.278232 0.799783 0.053035 0.118860
90 0.411389 0.469527 0.095918 0.204627
90 0.869535 0.738848 0.032725 0.108330
90 0.960939 0.406335 0.062062 0.075230
90 0.960939 0.180645 0.037237 0.069210
90 0.814805 0.123472 0.031595 0.045137
90 0.954733 0.099398 0.036110 0.051157
90 0.767746 0.968980 0.051393 0.062040
94 0.320801 0.883115 0.059433 0.119743
94 0.500418 0.556460 0.122825 0.216593
94 0.811444 0.956193 0.047548 0.086287
94 0.893327 0.712303 0.029055 0.102133
9 0.335330 0.968852 0.054150 0.062297
97 0.020076 0.313452 0.040153 0.079243
97 0.306269 0.096858 0.138663 0.191950
97 0.669469 0.946840 0.080562 0.106320
